PLAYERS:3
TURNS:10
REGIONS:30
START:2 3 4 5 6 7 8 13 18 19 24 26 27 28 29 30 
TRIBE:2 7 10 12 14 20 22 23 24 30
MOUNTAIN:4 11 13 16 18 27 28
MINE:3 8 13 30
CAVERN:6 13 16 20 24
MAGIC:2 10 17 19 22
WATER_TERRAIN:1 15 25
FARM_TERRAIN:2 5 12 19 23
HILL_TERRAIN:10 17 21 24 26
FOREST_TERRAIN:3 7 20 29 30
SWAMP_TERRAIN:6 8 9 14 22
MOUNTAIN_TERRAIN:4 11 13 16 18 27 28
1:2 3 13
2:3 9 13
3:4 9
4:5 10
5:6 10 11
6:7 11 12
7:8 12
8:12 18
9:10 13 14
10:11 14 15
11:12 15 16
12:16 17
13:14 19
14:15 19 20
15:16 20 21 22
16:17 22 23
17:18 23 24
18:24 25
19:20 26 27
20:21 27 28
21:22 28 29
22:23 29 30
23:24 30
24:25
25:30
26:27
27:28
28:29
29:30