PLAYERS:4
TURNS:9
REGIONS:39
START:2 3 4 5 6 7 8 11 13 14 19 20 23 28 29 30 33 35 36 37 38
TRIBE:2 3 6 7 8 12 15 23 24 26 27 28 31 32
MOUNTAIN:10 13 20 22 25 30 33 34
MINE:6 10 18 22 23 33 36
CAVERN:2 8 11 22 28 31 34
MAGIC:4 7 12 16 24 32 35
WATER_TERRAIN:1 17 39
FARM_TERRAIN:5 6 9 19 26 29 37
HILL_TERRAIN:3 8 16 21 27 35 36
FOREST_TERRAIN:2 11 12 14 24 32 38
SWAMP_TERRAIN:4 7 15 18 23 28 31
MOUNTAIN_TERRAIN:10 13 20 22 25 30 33 34
1:2 5 6 7 8 14 20
2:3 6
3:4 6 9 10
4:10 11 
5:7
6:8 9
7:8 14
8:9 14 15
9:10 15 16 17
10:11 12 17
11:12 13
12:13 17 18
13:18 19
14:15 20 21
15:16 21 22
16:17 22
17:18 22 25 26
18:19 26 27
19:27 28
20:21 23
21:22 23 24
22:24 25
23:24 29
24:25 29 30 31
25:26 31
26:27 31 32 33 34
27:28 34 35
28:35
29:30
30:31 36
31:32 36 37
32:33 37
33:34 38
34:35 38
35:38 39
36:37
38:39