PLAYERS:5
TURNS:8
REGIONS:48
START:2 3 4 5 6 7 11 12 16 17 18 23 24 27 28 29 34 35 40 42 43 44 45 46 47
TRIBE:6 8 12 13 15 17 19 24 26 30 32 34 35 36 42 43 44
MOUNTAIN:2 4 10 14 23 25 40 41 46
MINE:8 10 16 25 26 28 41 43 45
CAVERN:4 6 13 15 25 34 35 38 47
MAGIC:3 5 18 20 23 31 42 44 46
WATER_TERRAIN:1 22 48
FARM_TERRAIN:6 8 11 13 24 27 31 35 37
HILL_TERRAIN:9 12 16 17 20 30 32 42 45 
FOREST_TERRAIN:5 18 22 28 32 36 39 44 47
SWAMP_TERRAIN:3 7 15 19 26 29 34 38 43
MOUNTAIN_TERRAIN:2 4 10 14 23 25 41 40 46
1:2 7 12 17 18 24 28 29
2:3 7
3:4 7 8
4:5 8 9
5:6 9 10
6:10 11
7:8 12
8:9 12 13
9:10 13 14
10:11 12 17
11:15 16
12:13 18 19
13:14 19 20 21
14:15 21 22
15:16 22 23
16:23
17:18
18:19 24
19:20 24 25
20:21 25
21:22 25 26 30 31 32 38
22:23 26
23:26 27
24:25 29 30
25:30
26:27 32 33
27:33 34
28:29
29:30 35 36
30:36 37 38
31:32 38 39 40 41
32:33 41
33:34 41 42
34:42
35:36 43
36:37 43 44
37:38 44 45
38:39 45 46
39:40 46
40:41 17
41:42 47
42:47 48
43:44
44:45
45:46
47:48